0.00271162387267
0.0405349191945
0.397156280337
-0.0878707827272
0.0980816561787
0.132864320915
0.113679709601
0.0201949265852
0.0693336432045
-0.182038035861
-0.0993841232059
0.0141172789364
-0.216983969733
-0.199538598885
0.31866673683
0.144201998523
0.0650511698871
0.380964733848
-0.110780920881
-0.0314713368946
-0.0126840375693
0.046895434797
-0.269927487486
0.510959856082
-0.0407549034609
0.0448271846804
0.304366251271
0.452410949373
-0.243387910575
-0.0596587513665
0.535518068371
-0.344105862992
-0.0247248041565
-0.0174594846342
-0.042131584675
0.0254658956785
0.293941379373
0.20215862131
-0.233311381146
0.218767422887
0.0407780405905
-0.0598432129365
0.368690463232
-0.0703243835863
0.168517617689
0.0481152795253
0.295848972725
0.222008524369
-0.140640890783
-0.0839630676533
-0.114311580878
0.0143234748284
0.0338937029754
0.104609518955
-0.124157222292
0.048921134289
0.0383774914359
-0.0225101538699
-0.531855313945
-0.149228276344
-0.0815343322509
0.0330856166122
0.0421494180908
-0.261621007308
0.112818518172
-0.0209847524459
0.186380674889
0.347083001035
0.184765880371
0.0152878089692
-0.0769621162137
0.0963584679363
-0.0880719467607
0.189730855712
-0.251095881842
0.0532665167621
-0.184454533357
-0.114727677954
0.245294176448
0.0746389350972
-0.203351059926
0.410756718228
0.0414171337216
-0.019178468882
0.0425013628905
0.0808269017566
-0.235816663677
0.0768455917306
0.0591737651261
-0.0558822416772
0.317695603808
0.0610864669333
-0.126296403027
0.363063184638
-0.0615314216466
0.00261870853741
0.0234950604948
0.0218204379786
0.0349834026154
-0.0363024725146
0.128308153096
0.0922912679911
0.0263556761309
0.102438252178
0.0340810293583
0.152189695567
0.24863724933
0.0917506287165
-0.0208232386849
-0.237254270032
-0.0576384109457
-0.150107566491
0.0170674447304
-0.107370284948
0.0860808561654
-0.0364865389545
0.000216267325834
0.0229257923358
0.0110349156906
0.0931327885995
0.0859739904668
0.163347823266
0.0922952927707
-0.0470975992659
0.134772850178
-0.248624643139
-0.244821323287
0.0453761571781
-0.0167192022578
-0.080357078663
-0.0234792382943
0.15848438766
-0.0939803325694
0.00372845851476
-0.198679256267
0.314757775014
0.207911712302
0.0294021732009
-0.03916133213
-0.149910781512
0.0118756639598
-0.129041500282
0.0925701256871
0.0335265606561
0.100155091309
-0.135471126801
-0.0382687132078
-0.0232163355855
0.264916722943
0.208447223414
0.168225487475
-0.116059752564
-0.0681961221201
0.117228570773
-0.172130800857
-0.135797758447
-0.0908868562876
0.000472084337845
0.111565133228
0.0421513518406
-0.137891463144
-0.00249702761541
-0.261857589182
0.183008057945
0.222320870311
-0.0339183185707
-0.112988947619
-0.0120547603632
0.484849236735
-0.0467615575933
-0.160131705058
0.489271181625
-0.0500848627237
-0.0670813128514
0.0663028041609
0.120330804709
0.00878881333037
-0.13619942245
0.00805705515863
0.0182477262896
0.156206416378
0.228126474799
-0.0412535387661
-0.0491914759774
0.128618455985
0.116456816984
0.0621457108671
-0.103378772676
-0.0571960541491
0.302825076858
0.237976454319
-0.311802221738
-0.901659730872
-0.0171462784346
-0.0224968235497
0.128818978706
0.199472242572
-0.0593373477054
0.00812932743123
-0.00732038592037
